0.0001 1.289388727773889e-18
0.00010232929922807536 1.2671161656597945e-18
0.00010471285480508985 1.2460031730337786e-18
0.00010715193052376048 1.2196461212371584e-18
0.00010964781961431828 1.1884505722454542e-18
0.00011220184543019607 1.1611602751843395e-18
0.00011481536214968794 1.1411787960936021e-18
0.00011748975549395255 1.116444982812464e-18
0.00012022644346174082 1.090615091282948e-18
0.00012302687708123762 1.0706444896469746e-18
0.0001258925411794161 1.0461044018876125e-18
0.0001288249551693127 1.0248861783905982e-18
0.00013182567385563993 1.0066496102222551e-18
0.0001348962882591645 9.847265839304676e-19
0.00013803842646028754 9.638126793223305e-19
0.00014125375446227438 9.464469701306254e-19
0.0001445439770745916 9.296847576398258e-19
0.0001479108388168195 9.071586545456002e-19
0.00015135612484361947 8.863090376738801e-19
0.0001548816618912467 8.687534351562333e-19
0.0001584893192461098 8.466651747362368e-19
0.00016218100973589133 8.327450679616024e-19
0.00016595869074375428 8.172589606323906e-19
0.0001698243652461725 7.977180205045385e-19
0.0001737800828749355 7.7965571327247755e-19
0.0001778279410038901 7.638163223675019e-19
0.00018197008586099601 7.484798851606825e-19
0.0001862087136662843 7.350912538922195e-19
0.0001905460717963221 7.207220557532202e-19
0.00019498445997580177 7.022584611719969e-19
0.00019952623149688503 6.897410936110832e-19
0.00020417379446694984 6.757419277734693e-19
0.00020892961308540068 6.617351331279441e-19
0.00021379620895021974 6.481774254883443e-19
0.0002187761623949516 6.327872192964671e-19
0.00022387211385683012 6.186862490443514e-19
0.00022908676527677325 6.081618621368502e-19
0.00023442288153198795 5.975441382741103e-19
0.00023988329190194457 5.867709760370496e-19
0.00024547089156849836 5.73403207458259e-19
0.0002511886431509531 5.62441726300786e-19
0.0002570395782768812 5.532179211088381e-19
0.0002630267991895328 5.414871724892981e-19
0.00026915348039268587 5.287068000085327e-19
0.0002754228703338107 5.185979330218682e-19
0.00028183829312643916 5.047037223383828e-19
0.0002884031503126541 4.958617245553577e-19
0.00029512092266663174 4.855398675596405e-19
0.0003019951720401945 4.747372978095498e-19
0.0003090295432513516 4.659148465151533e-19
0.0003162277660168302 4.572925792308105e-19
0.0003235936569296202 4.465954919717332e-19
0.00033113112148258264 4.374040793487268e-19
0.00033884415613919373 4.2860836026649103e-19
0.0003467368504525225 4.2119867185358493e-19
0.0003548133892335659 4.126349014747248e-19
0.00036307805477009137 4.04429760708964e-19
0.0003715352290971621 3.973732731633378e-19
0.0003801893963205504 3.8907735941897887e-19
0.00038904514499426933 3.8104516952979593e-19
0.00039810717055348553 3.7407724415078713e-19
0.0004073802778041005 3.664042392017302e-19
0.0004168693834703227 3.5969570733575265e-19
0.00042657951880157945 3.528035517507013e-19
0.00043651583224015223 3.4556179283740093e-19
0.00044668359215094885 3.391603704955312e-19
0.00045708818961486024 3.313281138046886e-19
0.0004677351412871828 3.243922940216316e-19
0.0004786300923226224 3.148821771080087e-19
0.0004897788193684296 3.08160390259621e-19
0.0005011872336272551 3.022666651111189e-19
0.000512861383991347 2.953351735656489e-19
0.0005248074602497541 2.876830973879575e-19
0.0005370317963702335 2.810189301579356e-19
0.0005495408738576046 2.7526008271012455e-19
0.0005623413251903284 2.6955515738275864e-19
0.0005754399373371355 2.6279556661405764e-19
0.0005888436553555667 2.5745519077931645e-19
0.0006025595860743347 2.5065388292153757e-19
0.0006165950018614583 2.446008274180721e-19
0.0006309573444801685 2.4010285998658377e-19
0.0006456542290346299 2.323261024601879e-19
0.0006606934480075694 2.262785572672077e-19
0.0006760829753919542 2.199830851944469e-19
0.0006918309709189079 2.147737696347251e-19
0.0007079457843841084 2.0894415085462625e-19
0.0007244359600749595 2.026404368047317e-19
0.0007413102413008859 1.974530137089333e-19
0.000758577575029151 1.9280156933420406e-19
0.0007762471166286578 1.886842855530682e-19
0.0007943282347242464 1.8430713505543202e-19
0.0008128305161640629 1.780003195305199e-19
0.0008317637711026335 1.7330356019613028e-19
0.0008511380382023377 1.6834235123966358e-19
0.0008709635899560405 1.6287215581561616e-19
0.000891250938133704 1.576754886901565e-19
0.0009120108393558668 1.5190987774170353e-19
0.0009332543007969466 1.4779807970353272e-19
0.00095499258602139 1.4420343931642395e-19
0.0009772372209557632 1.4127222948588639e-19
0.000999999999999951 1.368999056980893e-19
0.0010232929922807034 1.3084135205422714e-19
0.0010471285480508471 1.2783978669586403e-19
0.0010715193052375522 1.2417404892956253e-19
0.001096478196143129 1.2033498498379675e-19
0.0011220184543019056 1.1711767724295028e-19
0.001148153621496823 1.138421788823781e-19
0.001174897554939468 1.097073455082782e-19
0.0012022644346173493 1.0693612307432758e-19
0.0012302687708123157 1.0286811845906643e-19
0.0012589254117940992 1.0026758956347667e-19
0.0012882495516930638 9.748637891696815e-20
0.0013182567385563347 9.464879427413809e-20
0.0013489628825915788 9.12439379923124e-20
0.0013803842646028077 8.80854302729835e-20
0.0014125375446226746 8.608121389245365e-20
0.0014454397707458452 8.39162237246501e-20
0.0014791083881681225 8.110569874074053e-20
0.0015135612484361205 7.852899848668618e-20
0.001548816618912391 7.591210362943725e-20
0.0015848931924610202 7.399070404641452e-20
0.0016218100973588337 7.141304498716248e-20
0.0016595869074374613 6.913116382565952e-20
0.001698243652461642 6.713778129953599e-20
0.0017378008287492698 6.482050479712689e-20
0.0017782794100388137 6.265526852298101e-20
0.001819700858609871 5.973595472243253e-20
0.0018620871366627513 5.798397505915683e-20
0.0019054607179631274 5.67032916700315e-20
0.0019498445997579218 5.402174936081843e-20
0.0019952623149687523 5.091642160344411e-20
0.002041737944669398 4.913006388227117e-20
0.002089296130853904 4.763968207624777e-20
0.0021379620895020926 4.6364855569318834e-20
0.0021877616239494085 4.393703011918277e-20
0.002238721138568191 4.096480004749314e-20
0.00229086765276762 3.9218430118276634e-20
0.0023442288153197647 3.791558327643491e-20
0.002398832919019328 3.6802978923837756e-20
0.002454708915684863 3.540362111515892e-20
0.0025118864315094077 3.389948939557063e-20
0.002570395782768686 3.281858690665732e-20
0.0026302679918951987 3.166605426985462e-20
0.0026915348039267266 3.0892985535472455e-20
0.0027542287033379717 2.9701211184959065e-20
0.002818382931264253 2.7864430162123366e-20
0.002884031503126399 2.703196545826419e-20
0.0029512092266661726 2.6282077033838882e-20
0.0030199517204017967 2.509832461205689e-20
0.0030902954325133644 2.3425199762360073e-20
0.0031622776601681465 2.2407743834180322e-20
0.0032359365692960426 2.165269204117363e-20
0.0033113112148256637 2.0895445503327198e-20
0.003388441561391771 2.0204892119112962e-20
0.0034673685045250543 1.926268562741717e-20
0.0035481338923354848 1.8868450730432602e-20
0.0036307805477007356 1.817315738301763e-20
0.003715352290971439 1.7660191946613712e-20
0.003801893963205317 1.705967342052369e-20
0.0038904514499425026 1.6617804102230623e-20
0.00398107170553466 1.5835942912401857e-20
0.004073802778040805 1.5095201067736995e-20
0.004168693834703022 1.4596054016776577e-20
0.004265795188015585 1.4292596954488075e-20
0.004365158322401308 1.3600089827258895e-20
0.00446683592150927 1.3029854051017432e-20
0.0045708818961483775 1.2444829313584809e-20
0.004677351412871599 1.187310469168958e-20
0.004786300923225989 1.0874104688530556e-20
0.004897788193684056 1.0339466634536541e-20
0.005011872336272305 9.639218646794058e-21
0.005128613839913218 9.317414078409502e-21
0.005248074602497283 8.893603979240288e-21
0.005370317963702072 8.4078909225128e-21
0.005495408738575776 8.166852213102293e-21
0.005623413251903008 7.926206500172906e-21
0.005754399373371072 7.704925045102131e-21
0.005888436553555378 7.379225317681374e-21
0.006025595860743051 7.163061016350851e-21
0.00616595001861428 6.795951462240255e-21
0.006309573444801375 6.484557608167257e-21
0.006456542290345982 6.279022435020265e-21
0.00660693448007537 5.816881450434496e-21
0.00676082975391921 5.662498938209548e-21
0.00691830970918874 5.512203095973822e-21
0.007079457843840736 5.396206713712925e-21
0.007244359600749239 5.290685617850338e-21
0.007413102413008495 4.786429278477251e-21
0.007585775750291138 4.484996936996857e-21
0.0077624711662861974 4.240213778812314e-21
0.007943282347242075 4.125691300374964e-21
0.008128305161640231 4.01744286232613e-21
0.008317637711025927 3.824200148072818e-21
0.008511380382022959 3.7465942698633154e-21
0.008709635899559977 3.606877266970691e-21
0.008912509381336602 3.4475688192191856e-21
0.00912010839355822 3.3415859389681686e-21
0.009332543007969008 3.254484581967913e-21
0.00954992586021343 3.1678974610061798e-21
0.009772372209557153 3.0949013395529683e-21
0.009999999999999018 3.018294187682075e-21
0.010232929922806533 2.9431146119430133e-21
0.010471285480507957 2.6696134727997713e-21
0.010715193052374996 2.606766000585805e-21
0.010964781961430753 2.5142684604017404e-21
0.011220184543018505 2.381820741174665e-21
0.011481536214967667 2.3331661114010948e-21
0.011748975549394101 2.1719797847991496e-21
0.012022644346172902 2.0988678894634154e-21
0.012302687708122553 1.883846678471397e-21
0.012589254117940374 1.822360687098354e-21
0.012882495516930005 1.7871699399096108e-21
0.013182567385562699 1.722900627300461e-21
0.013489628825915126 1.6438397007937544e-21
0.013803842646027398 1.591635065266224e-21
0.014125375446226052 1.4921614113932562e-21
0.014454397707457742 1.4299262982467866e-21
0.0147910838816805 1.3953369047804355e-21
0.015135612484360463 1.3564715991523397e-21
0.015488166189123149 1.2714885504353666e-21
0.015848931924609424 1.242183355556313e-21
0.01621810097358754 1.2226547421443308e-21
0.016595869074373798 1.1829205137247269e-21
0.016982436524615584 1.14924275629545e-21
0.017378008287491843 1.1196246556371545e-21
0.017782794100387266 1.101870556132662e-21
0.018197008586097817 1.085069817848951e-21
0.0186208713666266 1.0637729134771007e-21
0.01905460717963034 1.0459282664610527e-21
0.019498445997578263 9.713047725761245e-22
0.019952623149686544 9.21293663198878e-22
0.020417379446692977 9.041313530885623e-22
0.020892961308538016 8.621751212883175e-22
