0.0001 1.5147994953942896e-18
0.00010232929922807536 1.4856551700073262e-18
0.00010471285480508985 1.4514652826861925e-18
0.00010715193052376048 1.424210446294651e-18
0.00010964781961431828 1.386951813847394e-18
0.00011220184543019607 1.3552547237071192e-18
0.00011481536214968794 1.2672265472935893e-18
0.00011748975549395255 1.2317830520356653e-18
0.00012022644346174082 1.179329106597639e-18
0.00012302687708123762 1.1388063909934117e-18
0.0001258925411794161 1.0907929757776272e-18
0.0001288249551693127 1.064971009377731e-18
0.00013182567385563993 1.03911204912569e-18
0.0001348962882591645 1.0165195820936106e-18
0.00013803842646028754 9.778460431166451e-19
0.00014125375446227438 9.369414902090141e-19
0.0001445439770745916 9.195202651177858e-19
0.0001479108388168195 8.818449826248875e-19
0.00015135612484361947 8.285474025500802e-19
0.0001548816618912467 8.097099976553094e-19
0.0001584893192461098 7.948895075369361e-19
0.00016218100973589133 7.631877552309626e-19
0.00016595869074375428 7.350506277111606e-19
0.0001698243652461725 6.875813762180348e-19
0.0001737800828749355 6.631149165965945e-19
0.0001778279410038901 6.508612561847035e-19
0.00018197008586099601 6.190070279529129e-19
0.0001862087136662843 6.028995156969556e-19
0.0001905460717963221 5.887146005999076e-19
0.00019498445997580177 5.713993423092722e-19
0.00019952623149688503 5.576740805552741e-19
0.00020417379446694984 5.356954345128371e-19
0.00020892961308540068 5.236623110601431e-19
0.00021379620895021974 5.128999315207515e-19
0.0002187761623949516 4.885258706229873e-19
0.00022387211385683012 4.758586964613583e-19
0.00022908676527677325 4.634911589633555e-19
0.00023442288153198795 4.498393140890066e-19
0.00023988329190194457 4.410125821477292e-19
0.00024547089156849836 4.229784111927443e-19
0.0002511886431509531 4.1229402509334786e-19
0.0002570395782768812 4.0436679842373416e-19
0.0002630267991895328 3.835840659384085e-19
0.00026915348039268587 3.710005671613864e-19
0.0002754228703338107 3.6337036338861834e-19
0.00028183829312643916 3.5511360239248443e-19
0.0002884031503126541 3.449673348188441e-19
0.00029512092266663174 3.3340250269200886e-19
0.0003019951720401945 3.2692545209331765e-19
0.0003090295432513516 3.1140642123105565e-19
0.0003162277660168302 3.031912275330433e-19
0.0003235936569296202 2.9579405864037227e-19
0.00033113112148258264 2.859028112539546e-19
0.00033884415613919373 2.7681922954598485e-19
0.0003467368504525225 2.694511780673344e-19
0.0003548133892335659 2.627183958543821e-19
0.00036307805477009137 2.5671427889429697e-19
0.0003715352290971621 2.5094668087482384e-19
0.0003801893963205504 2.4576632143635245e-19
0.00038904514499426933 2.3798282367271497e-19
0.00039810717055348553 2.3378112336536054e-19
0.0004073802778041005 2.245401644205007e-19
0.0004168693834703227 2.16923746338816e-19
0.00042657951880157945 2.0946988284623698e-19
0.00043651583224015223 2.0312159637726328e-19
0.00044668359215094885 1.9899973851893424e-19
0.00045708818961486024 1.9073917724057827e-19
0.0004677351412871828 1.8440592948042896e-19
0.0004786300923226224 1.787123894273432e-19
0.0004897788193684296 1.7518911882944136e-19
0.0005011872336272551 1.7152880163305645e-19
0.000512861383991347 1.6834308372502711e-19
0.0005248074602497541 1.635116908652436e-19
0.0005370317963702335 1.6063792010360476e-19
0.0005495408738576046 1.5695219472135714e-19
0.0005623413251903284 1.5204435448369865e-19
0.0005754399373371355 1.4876080411026277e-19
0.0005888436553555667 1.4635990397665492e-19
0.0006025595860743347 1.4328030460539885e-19
0.0006165950018614583 1.3980285702330176e-19
0.0006309573444801685 1.372072200860365e-19
0.0006456542290346299 1.3339806806314868e-19
0.0006606934480075694 1.3037807398178397e-19
0.0006760829753919542 1.2781121994100634e-19
0.0006918309709189079 1.1977524108640492e-19
0.0007079457843841084 1.1544836139731247e-19
0.0007244359600749595 1.1222640824447594e-19
0.0007413102413008859 1.102062564696274e-19
0.000758577575029151 1.0808418087231097e-19
0.0007762471166286578 1.038090805437146e-19
0.0007943282347242464 1.0177176177484581e-19
0.0008128305161640629 9.83839870204178e-20
0.0008317637711026335 9.576335144320098e-20
0.0008511380382023377 9.270681789629317e-20
0.0008709635899560405 8.952452048202374e-20
0.000891250938133704 8.711984099168843e-20
0.0009120108393558668 8.321245045579142e-20
0.0009332543007969466 8.140033646921638e-20
0.00095499258602139 7.979928416026204e-20
0.0009772372209557632 7.667602715901702e-20
0.000999999999999951 7.492095001081754e-20
0.0010232929922807034 7.139250214154994e-20
0.0010471285480508471 6.856971835409378e-20
0.0010715193052375522 6.720848769251479e-20
0.001096478196143129 6.463259172107733e-20
0.0011220184543019056 6.322293799484272e-20
0.001148153621496823 5.96341511675179e-20
0.001174897554939468 5.791798992756202e-20
0.0012022644346173493 5.477950870088076e-20
0.0012302687708123157 5.351465950734267e-20
0.0012589254117940992 5.1648717753694236e-20
0.0012882495516930638 4.9876538339259273e-20
0.0013182567385563347 4.8611184561573365e-20
0.0013489628825915788 4.7206452364802397e-20
0.0013803842646028077 4.5859696421806377e-20
0.0014125375446226746 4.4869109767667224e-20
0.0014454397707458452 4.405148666430127e-20
0.0014791083881681225 4.2915075012029656e-20
0.0015135612484361205 4.198217140436173e-20
0.001548816618912391 4.086596713161528e-20
0.0015848931924610202 3.9859455215514104e-20
0.0016218100973588337 3.893588303724769e-20
0.0016595869074374613 3.7906296599747244e-20
0.001698243652461642 3.711369759101778e-20
0.0017378008287492698 3.6421295450411806e-20
0.0017782794100388137 3.559493482384303e-20
0.001819700858609871 3.487010890810755e-20
0.0018620871366627513 3.4208378632872953e-20
0.0019054607179631274 3.329255472108793e-20
0.0019498445997579218 3.255869917463144e-20
0.0019952623149687523 3.190952698578916e-20
0.002041737944669398 3.1214510417551784e-20
0.002089296130853904 3.0422384886840235e-20
0.0021379620895020926 2.946570718088284e-20
0.0021877616239494085 2.857175596671901e-20
0.002238721138568191 2.6810888505997483e-20
0.00229086765276762 2.604582641224418e-20
0.0023442288153197647 2.531158202018574e-20
0.002398832919019328 2.4610050051591615e-20
0.002454708915684863 2.3488766509768168e-20
0.0025118864315094077 2.2795358029101996e-20
0.002570395782768686 2.226465062410488e-20
0.0026302679918951987 2.0907591665232097e-20
0.0026915348039267266 2.0217612108117455e-20
0.0027542287033379717 1.9588863649884234e-20
0.002818382931264253 1.9003047078993658e-20
0.002884031503126399 1.852856748936436e-20
0.0029512092266661726 1.8168974596957822e-20
0.0030199517204017967 1.7655085209008927e-20
0.0030902954325133644 1.7258641333468522e-20
0.0031622776601681465 1.6904942164812103e-20
0.0032359365692960426 1.6389231839115287e-20
0.0033113112148256637 1.587837035582511e-20
0.003388441561391771 1.5305993465417378e-20
0.0034673685045250543 1.4901427682770558e-20
0.0035481338923354848 1.4300010892359298e-20
0.0036307805477007356 1.398191690792096e-20
0.003715352290971439 1.3680555865111612e-20
0.003801893963205317 1.332200130372981e-20
0.0038904514499425026 1.2862645462520883e-20
0.00398107170553466 1.2580044541658548e-20
0.004073802778040805 1.2244871372364957e-20
0.004168693834703022 1.196231531505557e-20
0.004265795188015585 1.1583548913129225e-20
0.004365158322401308 1.1332164278908043e-20
0.00446683592150927 1.0813280018875465e-20
0.0045708818961483775 1.0526513134085934e-20
0.004677351412871599 1.0313672109917865e-20
0.004786300923225989 1.0061421340459013e-20
0.004897788193684056 9.806576197599087e-21
0.005011872336272305 9.62822268398148e-21
0.005128613839913218 9.401469650134903e-21
0.005248074602497283 9.234988041010698e-21
0.005370317963702072 8.97508482044478e-21
0.005495408738575776 8.631449222325362e-21
0.005623413251903008 8.370397276831136e-21
0.005754399373371072 8.02918504377205e-21
0.005888436553555378 7.525698704202091e-21
0.006025595860743051 7.355895206708966e-21
0.00616595001861428 6.940238386795184e-21
0.006309573444801375 6.715397579864367e-21
0.006456542290345982 6.5441780484755926e-21
0.00660693448007537 6.4175187241608726e-21
0.00676082975391921 6.2654635917870156e-21
0.00691830970918874 6.099682444550153e-21
0.007079457843840736 5.988321262049322e-21
0.007244359600749239 5.860896375665244e-21
0.007413102413008495 5.595025669377485e-21
0.007585775750291138 5.407290205008591e-21
0.0077624711662861974 5.2847928511237075e-21
0.007943282347242075 5.119441335324658e-21
0.008128305161640231 5.000197072772349e-21
0.008317637711025927 4.881734544763678e-21
0.008511380382022959 4.724960461667294e-21
0.008709635899559977 4.60382417831034e-21
0.008912509381336602 4.464966551451287e-21
0.00912010839355822 4.3426064899599005e-21
0.009332543007969008 4.25298396235519e-21
0.00954992586021343 4.118001495937388e-21
0.009772372209557153 3.992107467570961e-21
0.009999999999999018 3.897575717630155e-21
0.010232929922806533 3.799217699167241e-21
0.010471285480507957 3.6176694466611605e-21
0.010715193052374996 3.524000803052197e-21
0.010964781961430753 3.427548769024594e-21
0.011220184543018505 3.346057970241393e-21
0.011481536214967667 3.1082283271646334e-21
0.011748975549394101 3.041089622063028e-21
0.012022644346172902 2.9743977421356767e-21
0.012302687708122553 2.7899155099353663e-21
0.012589254117940374 2.6799900028261324e-21
0.012882495516930005 2.6117464550782127e-21
0.013182567385562699 2.5648773020929115e-21
0.013489628825915126 2.5048133981097067e-21
0.013803842646027398 2.4412443623863208e-21
0.014125375446226052 2.3915112951784263e-21
0.014454397707457742 2.3057547115422848e-21
0.0147910838816805 2.260088426656299e-21
0.015135612484360463 2.207323131745485e-21
0.015488166189123149 2.1520083378279337e-21
0.015848931924609424 2.0674761944028565e-21
0.01621810097358754 1.93297798318161e-21
0.016595869074373798 1.8897415154107768e-21
0.016982436524615584 1.7849010531672976e-21
0.017378008287491843 1.7423800030363127e-21
0.017782794100387266 1.6933648424301217e-21
0.018197008586097817 1.6632277934147434e-21
0.0186208713666266 1.6159994083518345e-21
0.01905460717963034 1.553851157195574e-21
0.019498445997578263 1.5125505914495831e-21
0.019952623149686544 1.466682807061537e-21
0.020417379446692977 1.419276937295586e-21
0.020892961308538016 1.3464511038195693e-21
