1e-05 2.765538361511145e-17
1.2589254117941661e-05 2.0553644791568582e-17
1.5848931924611107e-05 1.5889367314366103e-17
1.9952623149688746e-05 1.110677241068386e-17
2.511886431509572e-05 8.330040656506052e-18
3.1622776601683667e-05 6.177427649229929e-18
3.981071705534953e-05 4.736884763665514e-18
5.011872336272694e-05 3.3837920168935323e-18
6.309573444801891e-05 2.547566675801956e-18
7.943282347242757e-05 1.9810579496899854e-18
9.999999999999918e-05 1.503123917497446e-18
0.00012589254117941558 1.0923306945596471e-18
0.0001584893192461098 7.814438353844476e-19
0.00019952623149688584 6.26166148774972e-19
0.00025118864315095514 4.715950350571554e-19
0.00031622776601683404 3.6267846180832065e-19
0.00039810717055349204 2.718345832995124e-19
0.0005011872336272653 2.172732100459264e-19
0.000630957344480184 1.6834544116934013e-19
0.0007943282347242692 1.2666783252880606e-19
0.0009999999999999835 9.635511773508125e-20
0.0012589254117941456 7.230062865826216e-20
0.001584893192461085 5.449320555710608e-20
0.001995262314968842 4.093642663102266e-20
0.002511886431509531 3.285064007016032e-20
0.0031622776601683148 2.331839682997084e-20
0.0039810717055348875 1.71504747295021e-20
0.005011872336272612 1.2624864922895944e-20
0.006309573444801788 9.21186046674365e-21
0.007943282347242626 6.296216726888022e-21
0.009999999999999754 4.420961731202131e-21
0.012589254117941352 3.2364090373657438e-21
0.01584893192461072 2.4105921822175216e-21
0.019952623149688258 1.711288207737759e-21
0.025118864315095104 1.0417281571136388e-21
0.03162277660168289 7.508891107100974e-22
0.039810717055348555 4.862666540394533e-22
0.050118723362725714 3.5548276071948035e-22
0.06309573444801736 2.407167846453852e-22
0.07943282347242561 1.6661594910885202e-22
0.09999999999999673 1.192908662845706e-22
0.1258925411794125 5.943154342804383e-23
0.1584893192461059 3.978520183559965e-23
0.19952623149688095 2.867085407621746e-23
0.25118864315094896 1.9371464635074558e-23
0.3162277660168263 8.608478248043026e-24
0.39810717055348227 5.118753872121535e-24
0.501187233627253 2.2507846595726906e-24
0.6309573444801685 1.0360726295761714e-24
0.7943282347242496 0.0
0.9999999999999591 0.0
1.2589254117941147 0.0
1.584893192461046 0.0
1.9952623149687931 0.0
2.511886431509469 0.0
3.162277660168237 0.0
3.98107170553479 0.0
5.011872336272489 0.0
6.309573444801633 0.0
7.943282347242431 0.0
