1e-05 2.8279228582700195e-17
1.2589254117941661e-05 2.003754110957054e-17
1.5848931924611107e-05 1.4474259743499188e-17
1.9952623149688746e-05 1.0702209085835133e-17
2.511886431509572e-05 7.88242950328298e-18
3.1622776601683667e-05 5.844053142369839e-18
3.981071705534953e-05 4.285259880297787e-18
5.011872336272694e-05 3.0506261261371853e-18
6.309573444801891e-05 2.3553032711986493e-18
7.943282347242757e-05 1.7567694007592443e-18
9.999999999999918e-05 1.2893887277738961e-18
0.00012589254117941558 1.0461044018876152e-18
0.0001584893192461098 8.466651747362368e-19
0.00019952623149688584 6.897410936110814e-19
0.00025118864315095514 5.62441726300783e-19
0.00031622776601683404 4.572925792308067e-19
0.00039810717055349204 3.7407724415078304e-19
0.0005011872336272653 3.022666651111148e-19
0.000630957344480184 2.4010285998657983e-19
0.0007943282347242692 1.8430713505542853e-19
0.0009999999999999835 1.3689990569808632e-19
0.0012589254117941456 1.0026758956347423e-19
0.001584893192461085 7.399070404641252e-20
0.001995262314968842 5.091642160344259e-20
0.002511886431509531 3.389948939556953e-20
0.0031622776601683148 2.2407743834179528e-20
0.0039810717055348875 1.5835942912401252e-20
0.005011872336272612 9.639218646793665e-21
0.006309573444801788 6.484557608166975e-21
0.007943282347242626 4.125691300374773e-21
0.009999999999999754 3.0182941876819273e-21
0.012589254117941352 1.82236068709826e-21
0.01584893192461072 1.2421833555562451e-21
0.019952623149688258 9.21293663198825e-22
0.025118864315095104 6.99883221567522e-22
0.03162277660168289 4.526727253588308e-22
0.039810717055348555 2.5852596933032686e-22
0.050118723362725714 1.775499694973951e-22
0.06309573444801736 1.3214550437132306e-22
0.07943282347242561 9.836491236275131e-23
0.09999999999999673 5.743733087074069e-23
0.1258925411794125 3.6701347099885775e-23
0.1584893192461059 1.6972560006472588e-23
0.19952623149688095 1.2834654211388417e-23
0.25118864315094896 9.078466288644297e-24
0.3162277660168263 2.406631040687269e-24
0.39810717055348227 2.0641575730190064e-24
0.501187233627253 0.0
0.6309573444801685 0.0
0.7943282347242496 0.0
0.9999999999999591 0.0
1.2589254117941147 0.0
1.584893192461046 0.0
1.9952623149687931 0.0
2.511886431509469 0.0
3.162277660168237 0.0
3.98107170553479 0.0
5.011872336272489 0.0
6.309573444801633 0.0
7.943282347242431 0.0
