0.0001 1.5031239174974377e-18
0.00010232929922807536 1.459722905906035e-18
0.00010471285480508985 1.348557192424241e-18
0.00010715193052376048 1.32354639716489e-18
0.00010964781961431828 1.2929030860365526e-18
0.00011220184543019607 1.2557650914760814e-18
0.00011481536214968794 1.2257706515984842e-18
0.00011748975549395255 1.1816046017436105e-18
0.00012022644346174082 1.1367947349790469e-18
0.00012302687708123762 1.112708305996909e-18
0.0001258925411794161 1.0923306945596442e-18
0.0001288249551693127 1.067077376256964e-18
0.00013182567385563993 9.895251194305643e-19
0.0001348962882591645 9.669959179141419e-19
0.00013803842646028754 9.445365389427955e-19
0.00014125375446227438 9.203646334898756e-19
0.0001445439770745916 8.907314004663476e-19
0.0001479108388168195 8.646069795099376e-19
0.00015135612484361947 8.465498539570348e-19
0.0001548816618912467 8.1473655867025985e-19
0.0001584893192461098 7.814438353844476e-19
0.00016218100973589133 7.661620202601003e-19
0.00016595869074375428 7.411632838789984e-19
0.0001698243652461725 7.27663787938906e-19
0.0001737800828749355 6.998205097423715e-19
0.0001778279410038901 6.875568698606988e-19
0.00018197008586099601 6.731860191528036e-19
0.0001862087136662843 6.620147190354626e-19
0.0001905460717963221 6.490345613861427e-19
0.00019498445997580177 6.362545563346591e-19
0.00019952623149688503 6.261661487749738e-19
0.00020417379446694984 6.001163435589057e-19
0.00020892961308540068 5.898988239993915e-19
0.00021379620895021974 5.803439040370976e-19
0.0002187761623949516 5.71184636605297e-19
0.00022387211385683012 5.498638769392535e-19
0.00022908676527677325 5.341324437116488e-19
0.00023442288153198795 5.2013610633204205e-19
0.00023988329190194457 5.072977096001911e-19
0.00024547089156849836 4.876648438556539e-19
0.0002511886431509531 4.71595035057158e-19
0.0002570395782768812 4.536179546774497e-19
0.0002630267991895328 4.2718010770320415e-19
0.00026915348039268587 4.1945249777516977e-19
0.0002754228703338107 4.0951096485865533e-19
0.00028183829312643916 4.0054157729991284e-19
0.0002884031503126541 3.929567142079537e-19
0.00029512092266663174 3.856182215564228e-19
0.0003019951720401945 3.7659857722562926e-19
0.0003090295432513516 3.705169082676587e-19
0.0003162277660168302 3.6267846180832363e-19
0.0003235936569296202 3.5539646953930675e-19
0.00033113112148258264 3.4811848182260896e-19
0.00033884415613919373 3.28382522624447e-19
0.0003467368504525225 3.157517111584895e-19
0.0003548133892335659 3.0675009967196835e-19
0.00036307805477009137 2.9945104134289726e-19
0.0003715352290971621 2.9454673535109056e-19
0.0003801893963205504 2.871697432528184e-19
0.00038904514499426933 2.770863828001613e-19
0.00039810717055348553 2.718345832995154e-19
0.0004073802778041005 2.6637104527911377e-19
0.0004168693834703227 2.620040211180308e-19
0.00042657951880157945 2.5737230763080152e-19
0.00043651583224015223 2.5123996574853356e-19
0.00044668359215094885 2.4540486300471944e-19
0.00045708818961486024 2.3973597504851534e-19
0.0004677351412871828 2.342049788998897e-19
0.0004786300923226224 2.298799040783176e-19
0.0004897788193684296 2.2550656207291487e-19
0.0005011872336272551 2.172732100459294e-19
0.000512861383991347 2.133471065787832e-19
0.0005248074602497541 2.0859646920269343e-19
0.0005370317963702335 2.0422283914932787e-19
0.0005495408738576046 2.0031701260141255e-19
0.0005623413251903284 1.940728294998275e-19
0.0005754399373371355 1.8899320115483856e-19
0.0005888436553555667 1.8434990291799182e-19
0.0006025595860743347 1.7701346006680815e-19
0.0006165950018614583 1.730568629477896e-19
0.0006309573444801685 1.683454411693429e-19
0.0006456542290346299 1.6232094597993937e-19
0.0006606934480075694 1.5739914263539034e-19
0.0006760829753919542 1.5376630496209916e-19
0.0006918309709189079 1.5110915384411015e-19
0.0007079457843841084 1.478084013923081e-19
0.0007244359600749595 1.4292294646488688e-19
0.0007413102413008859 1.4010351307715603e-19
0.000758577575029151 1.3625972979105224e-19
0.0007762471166286578 1.3127198101946035e-19
0.0007943282347242464 1.2666783252880852e-19
0.0008128305161640629 1.2192849792988377e-19
0.0008317637711026335 1.1803436421016408e-19
0.0008511380382023377 1.138088534341736e-19
0.0008709635899560405 1.1148014193322209e-19
0.000891250938133704 1.0728508757517001e-19
0.0009120108393558668 1.0450917864061868e-19
0.0009332543007969466 1.0221335414152402e-19
0.00095499258602139 1.0022565220494403e-19
0.0009772372209557632 9.837757506993517e-20
0.000999999999999951 9.635511773508334e-20
0.0010232929922807034 9.245871311673335e-20
0.0010471285480508471 9.009037491632818e-20
0.0010715193052375522 8.727648010364617e-20
0.001096478196143129 8.437882206483527e-20
0.0011220184543019056 8.284599873845643e-20
0.001148153621496823 8.084228683997133e-20
0.001174897554939468 7.895966661821864e-20
0.0012022644346173493 7.722179980787485e-20
0.0012302687708123157 7.444428365982927e-20
0.0012589254117940992 7.230062865826393e-20
0.0012882495516930638 7.037785539460789e-20
0.0013182567385563347 6.875280639074722e-20
0.0013489628825915788 6.696733819069758e-20
0.0013803842646028077 6.554896885027014e-20
0.0014125375446226746 6.389693919973338e-20
0.0014454397707458452 6.25464795810404e-20
0.0014791083881681225 5.958546797466712e-20
0.0015135612484361205 5.692194374349147e-20
0.001548816618912391 5.566003534228638e-20
0.0015848931924610202 5.449320555710757e-20
0.0016218100973588337 5.356275961814223e-20
0.0016595869074374613 5.238746587716029e-20
0.001698243652461642 5.0457900255965994e-20
0.0017378008287492698 4.8658600643310516e-20
0.0017782794100388137 4.7541631412052674e-20
0.001819700858609871 4.6067105810457534e-20
0.0018620871366627513 4.5118791424449456e-20
0.0019054607179631274 4.403167166859156e-20
0.0019498445997579218 4.185772444026575e-20
0.0019952623149687523 4.093642663102389e-20
0.002041737944669398 4.0078405420356443e-20
0.002089296130853904 3.9143883334452564e-20
0.0021379620895020926 3.840366331337979e-20
0.0021877616239494085 3.759786543678794e-20
0.002238721138568191 3.676128983137167e-20
0.00229086765276762 3.572060881102855e-20
0.0023442288153197647 3.503946726300467e-20
0.002398832919019328 3.421147518939414e-20
0.002454708915684863 3.3578009481942757e-20
0.0025118864315094077 3.285064007016139e-20
0.002570395782768686 3.180888892471562e-20
0.0026302679918951987 3.121846046524212e-20
0.0026915348039267266 2.927354724504729e-20
0.0027542287033379717 2.848029187123777e-20
0.002818382931264253 2.7738205812497635e-20
0.002884031503126399 2.6802950159507616e-20
0.0029512092266661726 2.5836648155900756e-20
0.0030199517204017967 2.4990866612450076e-20
0.0030902954325133644 2.3997546898414264e-20
0.0031622776601681465 2.3318396829971668e-20
0.0032359365692960426 2.263972464270448e-20
0.0033113112148256637 2.2048255960384357e-20
0.003388441561391771 2.13614438781512e-20
0.0034673685045250543 2.0918115351542577e-20
0.0035481338923354848 2.0464762019050382e-20
0.0036307805477007356 1.9833477337902557e-20
0.003715352290971439 1.9341070228037157e-20
0.003801893963205317 1.8973931692185243e-20
0.0038904514499425026 1.785059583619207e-20
0.00398107170553466 1.7150474729502753e-20
0.004073802778040805 1.61163790648867e-20
0.004168693834703022 1.5621396958535612e-20
0.004265795188015585 1.5306115038461277e-20
0.004365158322401308 1.4990163670075687e-20
0.00446683592150927 1.4513929901281402e-20
0.0045708818961483775 1.399665859457705e-20
0.004677351412871599 1.3484636169307205e-20
0.004786300923225989 1.3244275586142212e-20
0.004897788193684056 1.29578947119095e-20
0.005011872336272305 1.2624864922896457e-20
0.005128613839913218 1.1997369012832403e-20
0.005248074602497283 1.1659428547314295e-20
0.005370317963702072 1.1369312961862318e-20
0.005495408738575776 1.1148447340225175e-20
0.005623413251903008 1.0476085527140438e-20
0.005754399373371072 1.0295546522937135e-20
0.005888436553555378 1.0079160716125348e-20
0.006025595860743051 9.789891042055988e-21
0.00616595001861428 9.544039981834723e-21
0.006309573444801375 9.21186046674405e-21
0.006456542290345982 8.975213333494745e-21
0.00660693448007537 8.592559978537889e-21
0.00676082975391921 8.209578683905164e-21
0.00691830970918874 7.934381191222577e-21
0.007079457843840736 7.370657159647514e-21
0.007244359600749239 7.22141555949827e-21
0.007413102413008495 7.049517974755256e-21
0.007585775750291138 6.797359178833051e-21
0.0077624711662861974 6.617168972846976e-21
0.007943282347242075 6.2962167268883135e-21
0.008128305161640231 6.095862699022003e-21
0.008317637711025927 5.864436551182232e-21
0.008511380382022959 5.750258660819707e-21
0.008709635899559977 5.591520601843598e-21
0.008912509381336602 5.440290366812863e-21
0.00912010839355822 5.246715857124939e-21
0.009332543007969008 4.980113088299119e-21
0.00954992586021343 4.7865437296611255e-21
0.009772372209557153 4.568419905262803e-21
0.009999999999999018 4.420961731202348e-21
0.010232929922806533 4.304750657873827e-21
0.010471285480507957 4.13435909042721e-21
0.010715193052374996 3.9566630966438984e-21
0.010964781961430753 3.865499048049582e-21
0.011220184543018505 3.771088008701483e-21
0.011481536214967667 3.689327449363768e-21
0.011748975549394101 3.490141949668495e-21
0.012022644346172902 3.3802903141631436e-21
0.012302687708122553 3.3139819850255053e-21
0.012589254117940374 3.236409037365911e-21
0.012882495516930005 3.158541081659629e-21
0.013182567385562699 3.047938136538618e-21
0.013489628825915126 2.967309301776565e-21
0.013803842646027398 2.9108874609547685e-21
0.014125375446226052 2.8542961263364775e-21
0.014454397707457742 2.763478107646034e-21
0.0147910838816805 2.7057875561577086e-21
0.015135612484360463 2.6393291018243162e-21
0.015488166189123149 2.471746654186393e-21
0.015848931924609424 2.4105921822176533e-21
0.01621810097358754 2.329527426635491e-21
0.016595869074373798 2.2223642528502223e-21
0.016982436524615584 2.1514146667773755e-21
0.017378008287491843 2.072062893588623e-21
0.017782794100387266 1.971812777288561e-21
0.018197008586097817 1.918334765483472e-21
0.0186208713666266 1.8607176161538004e-21
0.01905460717963034 1.8178186716460747e-21
0.019498445997578263 1.7493838623082734e-21
0.019952623149686544 1.711288207737857e-21
0.020417379446692977 1.6412974982092865e-21
0.020892961308538016 1.5549461026271023e-21
