1e-05 4.083390649506743e-17
1.2589254117941661e-05 2.969706821085864e-17
1.5848931924611107e-05 2.0593796353680392e-17
1.9952623149688746e-05 1.510031499907223e-17
2.511886431509572e-05 1.1209548379379406e-17
3.1622776601683667e-05 8.530389203711018e-18
3.981071705534953e-05 6.191532429767955e-18
5.011872336272694e-05 4.092696763931394e-18
6.309573444801891e-05 2.8923512482497222e-18
7.943282347242757e-05 2.132171683700076e-18
9.999999999999918e-05 1.5147994953942979e-18
0.00012589254117941558 1.09079297577763e-18
0.0001584893192461098 7.948895075369361e-19
0.00019952623149688584 5.576740805552726e-19
0.00025118864315095514 4.1229402509334565e-19
0.00031622776601683404 3.031912275330408e-19
0.00039810717055349204 2.33781123365358e-19
0.0005011872336272653 1.7152880163305412e-19
0.000630957344480184 1.3720722008603423e-19
0.0007943282347242692 1.0177176177484386e-19
0.0009999999999999835 7.492095001081591e-20
0.0012589254117941456 5.164871775369297e-20
0.001584893192461085 3.9859455215513026e-20
0.001995262314968842 3.1909526985788205e-20
0.002511886431509531 2.279535802910125e-20
0.0031622776601683148 1.6904942164811504e-20
0.0039810717055348875 1.2580044541658068e-20
0.005011872336272612 9.628222683981087e-21
0.006309573444801788 6.715397579864075e-21
0.007943282347242626 5.119441335324421e-21
0.009999999999999754 3.897575717629964e-21
0.012589254117941352 2.679990002825994e-21
0.01584893192461072 2.0674761944027436e-21
0.019952623149688258 1.466682807061453e-21
0.025118864315095104 1.0761687781212404e-21
0.03162277660168289 8.0294139721506415e-22
0.039810717055348555 5.868378409242745e-22
0.050118723362725714 4.549268451895292e-22
0.06309573444801736 3.368454384239462e-22
0.07943282347242561 2.5985094520895115e-22
0.09999999999999673 1.9909516266723315e-22
0.1258925411794125 1.4983405714496817e-22
0.1584893192461059 1.1577706798503054e-22
0.19952623149688095 8.717248786695076e-23
0.25118864315094896 6.691294631073249e-23
0.3162277660168263 4.9082022268965045e-23
0.39810717055348227 3.227810069954401e-23
0.501187233627253 2.21217766738601e-23
0.6309573444801685 1.4223919330704024e-23
0.7943282347242496 9.759201559721026e-24
0.9999999999999591 6.290093369279936e-24
1.2589254117941147 4.136313363504059e-24
1.584893192461046 2.4890675944480937e-24
1.9952623149687931 1.4945528005005117e-24
2.511886431509469 9.176052616765785e-25
3.162277660168237 4.344813391749439e-25
3.98107170553479 3.009235133779346e-25
5.011872336272489 2.1372285457902105e-25
6.309573444801633 1.8330921580756452e-25
7.943282347242431 4.0180497582627925e-28
